version https://git-lfs.github.com/spec/v1
oid sha256:764c32ef46f6acb2d90e76c655aac43cc729e40823505e70c2336983f8d1054b
size 12688423
